600143155
650408454
????????? ILLEGAL
341725579
459173489
485640368
641366183
70299?311 ILLEGAL
78827?950 ILLEGAL
655301232
721431936
765219816
529?71882 ILLEGAL
048691682
?28783400 ILLEGAL
028962214
105326739
417855192
060299657
5291?9?3? ILLEGAL
248473530
687580587
63?76?3?? ILLEGAL
101274122
925416622
760744866
267422059
242867669
690872259
996542701
809555468
038648792
002487357
433401184
011423951
601271475
410230375
791264211
505252384
777234270
701162147
819326364
268850828
766919099
570676487
716342103
057044627
774086890
725364246
901282588
096388552
982598947
910659389
657102458
578612496
203917715
482227001
820538310
845305298
039237265
309919037
014160153
815126972
571212778
413391655
157165787
646943499
862748364
047643366
104223642
137427573
458826057
637367278
790048310
478517912
436711745
400296888
515294780
760788111
955171768
399440232
454080212
408509546
839306393
668910356
728521172
649129474
036595667
340847492
249718510
087471183
844271098
633469084
361757794
168100924
419205640
399639926
211259764
208155481
188809090
